intrinsic:
1680.0174992311165 0.0 294.5206413024187 
0.0 1649.3144977982734 179.04177406374498 
0.0 0.0 1.0 
distortion:
7.480335835532361 -319.1744602430379 -0.09780206645553846 0.001836455222298049 -68995.0463806542 
