intrinsic:
891.0597354072673 0.0 681.197511069531 
0.0 883.893975073379 314.93247577153716 
0.0 0.0 1.0 
distortion:
1.0340724237298233 -12.11386470697697 -0.0019071250798723895 -0.03459055394475066 88.89792790281999 
