intrinsic:
1074.6419842150474 0.0 301.5829390244056 
0.0 1071.483486594929 222.65768359046328 
0.0 0.0 1.0 
distortion:
5.370357943169264 -547.7450859267567 -0.1271476223763099 -0.0033621245857650877 11633.019150436055 
