intrinsic:
843.1837571305731 0.0 622.1916809141698 
0.0 849.502345318569 296.9656823429866 
0.0 0.0 1.0 
distortion:
-0.11346526954423981 1.539742178492343 -0.025805424239040788 -0.02196028146317604 -7.519120947770327 
