intrinsic:
864.9859870743433 0.0 667.5612373747615 
0.0 872.4364709541451 330.91273026291253 
0.0 0.0 1.0 
distortion:
-0.19102652179216298 2.051238555660014 -0.01152714875948444 0.02061056432082189 -6.410552596916796 
