intrinsic:
974.5484449521554 0.0 705.4425479758671 
0.0 1009.5403139120021 352.0903567677048 
0.0 0.0 1.0 
distortion:
0.5920852241457695 -0.7136158007827254 0.08119426533480943 0.0193686669643003 26.38572521598401 
