intrinsic:
867.3267723199235 0.0 657.9441225566867 
0.0 868.6775350504527 329.97628704773655 
0.0 0.0 1.0 
distortion:
-0.27685496537904153 3.0493160016046503 -0.022079189798287394 0.013608184407814482 -12.707953023642796 
