intrinsic:
917.9906772895839 0.0 706.6321432425514 
0.0 932.613215575189 313.24610061019393 
0.0 0.0 1.0 
distortion:
-0.5227714076704314 18.75409289042987 -0.005003146355776704 -0.0020789912938223498 -233.6071048104011 
